Simulation Started! time = 0
Total Robots, Avg Delay, Max Delay
	0.00, 		NaN, 		0.00
	1.00, 		0.00, 		0.00
	2.00, 		0.00, 		0.00
	3.00, 		0.00, 		0.00
	4.00, 		0.00, 		0.00
	5.00, 		0.00, 		0.00
	6.00, 		0.00, 		0.00
	7.00, 		0.00, 		0.00
	8.00, 		0.00, 		0.00
	9.00, 		0.00, 		0.00
	10.00, 		0.05, 		0.50
	11.00, 		0.09, 		0.50
	12.00, 		0.08, 		0.50
	13.00, 		0.08, 		0.50
	14.00, 		0.08, 		0.50
	15.00, 		0.07, 		0.50
	16.00, 		0.07, 		0.50
	17.00, 		0.06, 		0.50
	18.00, 		0.06, 		0.50
Adding delayed cars still in region
	18.00, 		0.06, 		0.50
Simulation Ended! time = 1.200000e+02
